	A = [ 1.0 2.1 3.0 ; 4.0 5 6 ; 7 8 9]
	B = [78 0 21.0 ; 63.0 48 0.0 ;14 23.1 6]
	C = [1 2 3; 3 4 6 ; 7 8 9];
	C = A / B
	D =  A  '
	A = A + C
	B = B - B
