    A = [
1 12 15 58 ;


12 54 54 0;
56 25 14 7;
12 58 78 96
]

B=[
78 25 945 1;
56 87 0 14;
1 5 4 9;
1 3 4 8;
]



C = A+B
C = A-B
D= B*A
E =        A/   B
F = A ./ 5
F = 5 ./ A
F = A ./ B
